11111111111111111111111111111111111111111111111111111111111
10000000000000000000000000000000000000000000000000000000001
10000000000000000000000000000000000000000000000000000000001
10000000000000000000000000000000000000000000000000000000001
10001000000010000001000000000000000000000000000000000000031
10000000000000000000000000000000000000000000000000000000001
10000000100000000000000000000000000000000000000000000000041
10001000000001000000000000000000000000000000000000000000001
10001000000001000000000000000000000000000000000000000000001
10001000000001000000000000000000000000000000000000000000001
11111111111111111111111111111111111111111111111111111111111